clade	species	ts	te
0.0	1.0	21.25670643713114	13.273140605554355
0.0	2.0	16.135215521655361	10.573680770575171
0.0	3.0	16.208663518196502	14.042449624664746
0.0	4.0	15.190242701802372	14.834999003336467
0.0	5.0	15.1324861346682	10.588637968948618
0.0	6.0	13.680657715758318	7.3999825150104455
0.0	7.0	25.482262871732704	24.399888498972292
0.0	8.0	33.03414828101554	20.831883117904884
0.0	9.0	33.492577952225531	26.332796061693802
0.0	10.0	5.1342828511396883	1.8136639833766401
0.0	11.0	10.329269902242379	1.6160700843716025
0.0	12.0	13.143094073541798	9.6626332732349649
0.0	13.0	9.8099747986029762	8.3612135231090061
0.0	14.0	10.537668029675505	6.171918834394738
0.0	15.0	12.270751316138051	4.6831923492633383
0.0	16.0	10.263366982771075	4.6705184950228604
0.0	17.0	30.149498384396512	29.362999922967948
0.0	18.0	3.5529929325732055	0.093897660188658999
0.0	19.0	1.3908516494676058	1.0663253299486848
0.0	20.0	1.9834776957578699	0.012729430916990999
0.0	21.0	5.0287817793967005	0.49451897960366914
0.0	22.0	10.360878394538773	1.8901091578882492
0.0	23.0	4.9349827584020405	0.0
0.0	24.0	4.9652333220366867	0.089422453032251187
0.0	25.0	1.1764565904391093	0.0
0.0	26.0	4.4783056914673596	0.0
0.0	27.0	3.6540705960197948	3.0540710372411466
0.0	28.0	16.481411046666572	10.233547195685277
0.0	29.0	10.576008644523693	5.5845855316624053
0.0	30.0	13.767981481334326	9.9295862581730159
0.0	31.0	14.948447584238192	7.5028644396167676
0.0	32.0	4.5765604690017021	3.9508675266488265
0.0	33.0	10.086669543620179	1.353304146951043
0.0	34.0	5.3324320435031733	3.9020365789490401
0.0	35.0	30.239634258827465	24.632894200640909
0.0	36.0	25.78862516036509	21.008365859179118
0.0	37.0	0.049316974299324183	0.018216013125136075
0.0	38.0	26.89736938738092	14.523867810899892
0.0	39.0	18.610722577664774	16.184529385840051
0.0	40.0	20.558040472089651	19.713598439298391
0.0	41.0	21.055400910473193	20.347656184348573
0.0	42.0	30.27658046120013	23.84057469506536
0.0	43.0	22.682881001690948	20.904309778932703
0.0	44.0	30.221449807655091	25.838991799830801
0.0	45.0	19.527727801965504	18.410474852895629
0.0	46.0	13.211920594581912	7.7910460887352748
0.0	47.0	16.261193106810168	14.015456339913152
0.0	48.0	20.124439820710666	13.35861630894339
0.0	49.0	16.553469508631171	13.705818354543473
0.0	50.0	14.142395248980458	10.704798628319768
0.0	51.0	14.819857581667749	14.471362965657839
0.0	52.0	22.878336213475425	21.90440369815801
0.0	53.0	32.462956582800011	21.576058736913637
0.0	54.0	20.726482277213588	16.299644649914537
0.0	55.0	30.24959047133871	17.079302718701456
0.0	56.0	31.386569881049724	23.13651033901872
0.0	57.0	25.348440719649769	24.293794312609187
0.0	58.0	19.139827957726347	16.23713865838787
0.0	59.0	21.388815842335063	20.597431841375482
0.0	60.0	30.849276947379899	20.989409590799561
0.0	61.0	29.212593311034503	22.104124436424936
0.0	62.0	33.162832019532622	32.977994058737522
0.0	63.0	29.400796211870659	24.966275591922404
0.0	64.0	8.4536237709533495	7.810281897887358
0.0	65.0	19.808372667567095	4.7941363633509688
0.0	66.0	14.602583979105619	5.0718614291216184
0.0	67.0	10.109384242871307	2.0592318660597324
0.0	68.0	12.329101417128459	11.935476420899377
0.0	69.0	20.399944171686553	14.404335611567074
0.0	70.0	17.197251398383695	16.595799324388
0.0	71.0	34.085064793496286	33.001444773072102
0.0	72.0	37.153038184419465	30.473141596665453
0.0	73.0	29.890844557842232	28.831244089064349
0.0	74.0	29.516332385107312	23.746787109098197
0.0	75.0	25.456984782664986	20.436850353172996
0.0	76.0	25.056663620522198	13.50305309060762
0.0	77.0	13.6398082898327	10.115825719408296
0.0	78.0	30.144618200233474	29.375836756582746
0.0	79.0	13.124087593259462	12.736920718031705
0.0	80.0	16.1306585237642	10.255418771919203
0.0	81.0	23.704509992585219	17.099708493757056
0.0	82.0	30.271983097611159	25.459890009666552
0.0	83.0	30.330167008507082	27.166132301121532
0.0	84.0	33.793061620703249	22.421956084296589
0.0	85.0	6.6694093618401356	6.0109611860556864
0.0	86.0	13.396332285363723	4.1467097870569392
0.0	87.0	12.498640264487504	4.0607576924042634
0.0	88.0	20.510231286891539	16.173892172601853
0.0	89.0	18.726053166957097	13.56581709106864
0.0	90.0	22.501947123920448	19.361447383271617
0.0	91.0	20.784885090121307	13.374198321150869
0.0	92.0	19.083078098787851	16.439265501140277
0.0	93.0	34.326601734161777	29.116936799736404
0.0	94.0	20.787100083033895	17.386728055617997
0.0	95.0	32.805541927946088	27.915162311256463
0.0	96.0	29.201590338963598	27.89851417807931
0.0	97.0	29.984785715616724	24.040694464705425
0.0	98.0	33.991833548549913	33.471217370600563
0.0	99.0	33.464848860264837	29.053610598933432
0.0	100.0	21.103545845956756	15.245911546626756
0.0	101.0	21.862313745945272	13.845547583476309
0.0	102.0	30.227316773278854	21.110667863025878
0.0	103.0	24.695567448936149	21.847378656766846
0.0	104.0	28.441677088888905	20.826696776629731
0.0	105.0	13.579486092560286	10.549991076150103
0.0	106.0	16.178081544416493	11.354282185890485
0.0	107.0	30.114231420650473	24.141183344966528
0.0	108.0	25.191421398407712	24.127511294010638
0.0	109.0	25.580146052854555	19.771236718718153
0.0	110.0	33.587586216524606	26.178562154958158
0.0	111.0	25.347326407661317	16.36642572193324
0.0	112.0	18.143964743781037	17.495844937961671
0.0	113.0	20.715244229479215	15.813068656712229
0.0	114.0	26.350185430907313	16.36353595028983
0.0	115.0	21.191027105416048	20.440251648487617
0.0	116.0	29.754810607705139	20.14329743417704
0.0	117.0	19.360779637495572	18.632016517773753
0.0	118.0	16.695760625894795	13.348489268325709
0.0	119.0	20.301828866995642	15.411043682689266
0.0	120.0	20.804085197670847	14.15748813538262
0.0	121.0	30.335143084524553	25.137691896255955
0.0	122.0	28.681046871857234	20.617384047073461
0.0	123.0	16.265543165690048	14.624189993095067
0.0	124.0	21.164931950650296	13.42139467145053
0.0	125.0	20.783267413378717	13.838045028382236
0.0	126.0	4.8279673189258459	0.0
0.0	127.0	5.1182110502398128	4.4823076330480189
0.0	128.0	5.2424507782667407	1.5418914526429457
0.0	129.0	2.288654323524125	0.26278299054440751
0.0	130.0	3.9421420074685658	3.3267519304626432
0.0	131.0	9.6201018064099895	9.0272123566971807
0.0	132.0	11.684929061113071	11.284416245145747
0.0	133.0	1.9812739648736488	0.0
0.0	134.0	15.274201390395676	0.42954434389279783
0.0	135.0	5.307119655981432	0.0
0.0	136.0	2.0446932082028559	0.0
0.0	137.0	1.7849237389294723	0.37060761364970074
0.0	138.0	1.1510292153728405	0.86255028249949095
