clade	species	ts	te
0.0	1.0	20.027048719433257	13.324697678647423
0.0	2.0	16.2134936098082	9.9701379929692511
0.0	3.0	16.158980129301877	14.216932166109814
0.0	4.0	15.677511903720934	15.243417453806233
0.0	5.0	14.663133537117902	9.401959181454254
0.0	6.0	13.691269134303379	5.0300099302681547
0.0	7.0	29.081633297264712	27.71303704128599
0.0	8.0	33.265252771857178	21.495357901561729
0.0	9.0	32.553727925905015	20.459688581334216
0.0	10.0	5.0743478462055869	1.731112009346004
0.0	11.0	10.226264253480965	1.5917100528200372
0.0	12.0	14.135613612903779	9.0264995193238029
0.0	13.0	9.9746215474041691	4.749784223612016
0.0	14.0	9.6800021093603661	4.2027905715507945
0.0	15.0	12.638456074876638	4.4929762637557413
0.0	16.0	10.353224301079242	3.1077982877195711
0.0	17.0	29.59235563943367	28.322461232106953
0.0	18.0	5.0800778713724712	0.051880570942153328
0.0	19.0	1.04668554122888	0.76110364219171467
0.0	20.0	2.3436043138697076	0.007872370074301303
0.0	21.0	4.8764501182831195	0.30847615443037879
0.0	22.0	9.7414909599986679	1.685163882184572
0.0	23.0	4.1257939873937408	0.0
0.0	24.0	5.1251794072721735	0.072820653534843627
0.0	25.0	0.95122936387746437	0.0
0.0	26.0	6.2027797770275868	0.0
0.0	27.0	3.0698480506240617	2.5100689281537112
0.0	28.0	16.010746516688751	13.077005701380209
0.0	29.0	10.317184763094998	5.6763099143096145
0.0	30.0	13.873783633632392	9.724919299667194
0.0	31.0	14.862123457212995	4.7633869499069306
0.0	32.0	3.9014522459093266	3.327308135068987
0.0	33.0	10.99688981429065	3.8250324291753488
0.0	34.0	3.9409489534106732	2.1591806917483982
0.0	35.0	29.747295381146625	21.733439156010327
0.0	36.0	30.081096570179284	21.607451950928798
0.0	37.0	0.085559931241738593	0.042134290786447919
0.0	38.0	30.782180493919689	13.88921067695321
0.0	39.0	18.262747422414229	17.035205581621604
0.0	40.0	20.420650968505971	19.612329577523187
0.0	41.0	24.341001110309712	22.962484134100492
0.0	42.0	30.423383964642376	20.005673710049059
0.0	43.0	25.918255986857698	20.581111986380357
0.0	44.0	30.517290599849183	25.834604422004592
0.0	45.0	21.985366315932147	15.175549145513678
0.0	46.0	13.816035147298733	7.4111013872518505
0.0	47.0	17.119488913112505	13.501447581145587
0.0	48.0	21.501131307894646	13.589917154279757
0.0	49.0	16.012814067338262	14.046968394453422
0.0	50.0	13.914961692314668	10.044435701329897
0.0	51.0	14.708125800064565	14.320785433909704
0.0	52.0	30.849894440328818	30.380999793852794
0.0	53.0	33.177910819526112	21.617175123162806
0.0	54.0	21.048330210774498	16.098041859226765
0.0	55.0	25.031435407313293	16.438943052106097
0.0	56.0	32.96634483966379	22.283377562192065
0.0	57.0	25.398575059820296	23.94482642413077
0.0	58.0	21.54093582038314	16.862921466547668
0.0	59.0	24.058857803965346	22.716730985881764
0.0	60.0	27.446606937616142	20.152498378879258
0.0	61.0	29.725612420168442	21.116161325391538
0.0	62.0	31.547147449830092	31.344675276837307
0.0	63.0	30.578311532037688	21.265257526575247
0.0	64.0	6.2313576601403176	5.4527570010028743
0.0	65.0	18.666113275515226	4.6207179698436764
0.0	66.0	14.263375318561581	5.0221936663706579
0.0	67.0	10.037717722922476	4.6049189384962919
0.0	68.0	13.182763783710337	12.815322136003882
0.0	69.0	19.958101860572064	13.955431121970221
0.0	70.0	17.541939362192693	16.933610092951291
0.0	71.0	34.233543147980271	33.097066960909579
0.0	72.0	37.152181097063028	31.057981477944697
0.0	73.0	24.004725341109225	22.68158260816406
0.0	74.0	29.865691105545675	22.203476702732182
0.0	75.0	25.239274264491474	20.068318025870433
0.0	76.0	25.391073723800499	13.468761555064923
0.0	77.0	13.784490594417138	5.2002321170264549
0.0	78.0	29.564019750185704	28.272132578194952
0.0	79.0	12.515225187555062	12.163650013420783
0.0	80.0	16.175938385142672	9.9964848614994519
0.0	81.0	26.856854542293593	16.813829533585917
0.0	82.0	29.85879078633203	20.576439906372986
0.0	83.0	29.993223829445981	23.941343697636519
0.0	84.0	33.654921694261674	20.876801245451983
0.0	85.0	8.4955175804460215	7.7007347622649487
0.0	86.0	13.41383027131582	4.5906411033451437
0.0	87.0	12.573611256727709	3.9465474423416516
0.0	88.0	20.818842174608509	16.071676174952263
0.0	89.0	20.251085781039045	13.521823053277611
0.0	90.0	23.307099082437283	17.164339328723624
0.0	91.0	20.516641933528827	13.715648327586363
0.0	92.0	21.096301860239173	16.039075924934917
0.0	93.0	34.113438142466862	30.187010459545139
0.0	94.0	19.646401766967461	15.993056110024778
0.0	95.0	32.690311661506335	26.003959933511116
0.0	96.0	22.202353675153848	21.21723910115999
0.0	97.0	30.667275397051565	19.974191542636436
0.0	98.0	33.557115290285047	33.128444792653156
0.0	99.0	33.75905488214319	29.088065533944761
0.0	100.0	19.306605524587876	13.366123334584746
0.0	101.0	21.684594342062589	13.191612834936038
0.0	102.0	30.338217295089738	20.169277512388028
0.0	103.0	26.29020027624593	19.679259921445801
0.0	104.0	26.892915048528447	20.143585017991278
0.0	105.0	15.235642761644158	9.3238270459186108
0.0	106.0	16.229275666650931	8.3477043587923951
0.0	107.0	30.575608938107571	21.853110141758062
0.0	108.0	23.989797121393288	22.704418154602628
0.0	109.0	24.370752121384022	21.783148743423244
0.0	110.0	31.8539342592011	26.643210702838918
0.0	111.0	25.914505170482418	15.596245902092855
0.0	112.0	19.434006522295988	18.757954759399745
0.0	113.0	21.690781207714725	15.964657915836419
0.0	114.0	26.209166535144213	19.107029541506879
0.0	115.0	23.231230188113205	22.106180923823452
0.0	116.0	29.943874696986079	20.694573889259647
0.0	117.0	19.298656072035691	18.631128588735304
0.0	118.0	16.600255049983751	13.464692678202766
0.0	119.0	20.320752175133208	14.790132555198007
0.0	120.0	20.32716170696829	13.103100283500883
0.0	121.0	30.533955204466405	21.360511506743194
0.0	122.0	30.937268214301909	25.677258049461784
0.0	123.0	16.721983803753275	12.998042356650664
0.0	124.0	20.789820314461693	13.40739146836656
0.0	125.0	20.122511145414492	13.715316635753172
0.0	126.0	4.2612507901536913	0.0
0.0	127.0	4.5277051770082011	3.923921183191466
0.0	128.0	5.3104303491508347	1.8224858058714264
0.0	129.0	2.5953654788109697	0.31259907344830384
0.0	130.0	5.0386445934235944	4.3679869313107522
0.0	131.0	9.4300201694701045	8.6821510688130878
0.0	132.0	11.798995614753276	11.426403088058017
0.0	133.0	2.5396852162391195	0.0
0.0	134.0	14.957819426422532	0.87081800771050488
0.0	135.0	2.6900307671228449	0.0
0.0	136.0	2.6833576849381542	0.0
0.0	137.0	1.1135514123489587	0.46425688736663012
0.0	138.0	1.3567504800103134	1.0264781090226247
