time reach_mpd_both
0 2.11504872054009
0.1 2.27174222920715
0.2 2.27174222920715
0.3 2.08421768659089
0.4 1.97770184036773
0.5 1.97770184036773
0.6 2.32226949153149
0.7 2.19503317509375
0.8 2.19503317509375
0.9 2.19503317509375
1 2.24375959113452
1.1 2.17057088625767
1.2 2.17057088625767
1.3 2.22711730038716
1.4 2.22711730038716
1.5 2.37305318524564
1.6 2.37305318524564
1.7 2.37305318524564
1.8 2.27686294041012
1.9 2.4595970610336
2 2.4850920919136
2.1 2.40531462713384
2.2 2.40531462713384
2.3 2.40531462713384
2.4 2.40289982004655
2.5 2.28593986959515
2.6 2.28593986959515
2.7 2.0191698435697
2.8 2.0191698435697
2.9 1.9841050905893
3 1.9841050905893
3.1 1.97820729245557
3.2 1.97820729245557
3.3 1.97820729245557
3.4 1.97820729245557
3.5 1.97820729245557
3.6 1.90420220386175
3.7 1.8116439289669
3.8 1.8116439289669
3.9 1.80995754547831
4 1.80995754547831
4.1 1.75444292059537
4.2 1.75444292059537
4.3 1.75444292059537
4.4 1.80477385580077
4.5 1.758351182656
4.6 1.70645201050013
4.7 1.70645201050013
4.8 1.81328512694815
4.9 1.82206554019982
5 1.87908228940035
5.1 1.88096761710673
5.2 1.8933892048191
5.3 1.79589444349554
5.4 2.01072890853119
5.5 2.01072890853119
5.6 2.01072890853119
5.7 2.01072890853119
5.8 2.01072890853119
5.9 2.01072890853119
6 2.01072890853119
6.1 2.68681978670402
6.2 2.74477354001944
6.3 2.74477354001944
6.4 2.74477354001944
6.5 2.74477354001944
6.6 2.74477354001944
6.7 2.74477354001944
6.8 2.75642183333708
6.9 2.75642183333708
7 2.75642183333708
7.1 2.75642183333708
7.2 2.75642183333708
7.3 2.75642183333708
7.4 2.75642183333708
7.5 2.75642183333708
7.6 2.75642183333708
7.7 2.75642183333708
7.8 2.75642183333708
7.9 2.75642183333708
8 2.75642183333708
8.1 2.75642183333708
8.2 2.70347408691002
8.3 2.70347408691002
8.4 2.70347408691002
8.5 2.72926264651919
8.6 2.72926264651919
8.7 2.72926264651919
8.8 2.72926264651919
8.9 2.72926264651919
9 2.87852683235917
9.1 2.87852683235917
9.2 2.87852683235917
9.3 2.86426311973897
9.4 2.8763639412167
9.5 3.1154462069874
9.6 3.1154462069874
9.7 2.98615587760363
9.8 2.98615587760363
9.9 2.98615587760363
10 3.00677080108553
10.1 3.12105033313133
10.2 3.0109765276465
10.3 3.08095531044652
10.4 3.08095531044652
10.5 3.14263369105649
10.6 3.08211651782876
10.7 3.08211651782876
10.8 3.08211651782876
10.9 3.08211651782876
11 3.08211651782876
11.1 3.08211651782876
11.2 3.08211651782876
11.3 3.08211651782876
11.4 3.08211651782876
11.5 3.08211651782876
11.6 3.0419097089286
11.7 3.0419097089286
11.8 3.0419097089286
11.9 3.08211651782876
12 3.08211651782876
12.1 3.08211651782876
12.2 3.08211651782876
12.3 3.08211651782876
12.4 3.08211651782876
12.5 3.08211651782876
12.6 3.08211651782876
12.7 3.08211651782876
12.8 3.08211651782876
12.9 2.99856223533397
13 2.93924304772182
13.1 3.05886415684606
13.2 2.56162781825598
13.3 2.55173834550285
13.4 2.47952429909872
13.5 2.33802633711552
13.6 2.54646960315383
13.7 2.41950898112774
13.8 2.42407438961846
13.9 2.37124611235315
14 2.38625985147026
14.1 2.43023048759462
14.2 2.53896296300359
14.3 2.53896296300359
14.4 2.4974729987927
14.5 2.4974729987927
14.6 2.5579339231943
14.7 2.5579339231943
14.8 2.54032661584649
14.9 2.61531220455966
15 2.56401517578541
15.1 2.56401517578541
15.2 2.56401517578541
15.3 2.44568231085504
15.4 2.39152258836944
15.5 2.42004488459501
15.6 2.42331906144651
15.7 2.42331906144651
15.8 2.38401028836857
15.9 2.40471350030437
16 2.2206802116894
16.1 2.07940737967375
16.2 2.33711704277752
16.3 2.11838593896637
16.4 2.0467400629577
16.5 2.07166422492256
16.6 2.10154947989659
16.7 2.10154947989659
16.8 2.14393150952355
16.9 2.23467166088815
17 2.21885387880375
17.1 2.21885387880375
17.2 2.20966871629142
17.3 2.18669903308392
17.4 2.18669903308392
17.5 2.18669903308392
17.6 2.18669903308392
17.7 2.09494844381808
17.8 2.09494844381808
17.9 1.95461151807131
18 1.97900993571244
18.1 1.97900993571244
18.2 1.97900993571244
18.3 1.97236551580192
18.4 1.99916725480374
18.5 1.99916725480374
18.6 2.0379358158828
18.7 2.0379358158828
18.8 2.0379358158828
18.9 2.0379358158828
19 2.0379358158828
19.1 2.0379358158828
19.2 2.0160666357971
19.3 2.0160666357971
19.4 2.0160666357971
19.5 2.0160666357971
19.6 2.1082252254524
19.7 2.1082252254524
19.8 1.99747799243523
19.9 1.99747799243523
20 1.97943241448182
20.1 2.13779865697395
20.2 2.25146556556389
20.3 2.26887501941865
20.4 2.34144645174287
20.5 2.34032153069792
20.6 2.22615411388699
20.7 2.22313167521431
20.8 2.2283741176741
20.9 2.47759035235837
21 2.44490742648213
21.1 2.55069215006526
21.2 2.51279467098154
21.3 2.51279467098154
21.4 2.5488977390114
21.5 2.5488977390114
21.6 2.54621670195222
21.7 2.54621670195222
21.8 2.50907646053198
21.9 2.54095444764064
22 2.56489972447069
22.1 2.55645145884666
22.2 2.42108700969929
22.3 2.39602715679311
22.4 2.39602715679311
22.5 2.39602715679311
22.6 2.39602715679311
22.7 2.39602715679311
22.8 2.41276269453422
22.9 2.41276269453422
23 2.45112310098961
23.1 2.44858723826163
23.2 2.44858723826163
23.3 2.46331714801798
23.4 2.46331714801798
23.5 2.46331714801798
23.6 2.46331714801798
23.7 2.46331714801798
23.8 2.46873000195641
23.9 2.46873000195641
24 2.46873000195641
24.1 2.50856086094566
24.2 2.50856086094566
24.3 2.51585915046234
24.4 2.51376042357381
24.5 2.51376042357381
24.6 2.53931621472894
24.7 2.53931621472894
24.8 2.56531975851455
24.9 2.56531975851455
25 2.56531975851455
25.1 2.56531975851455
25.2 2.54066299774331
25.3 2.6171770953241
25.4 2.6171770953241
25.5 2.6171770953241
25.6 2.6171770953241
25.7 2.62102852130322
25.8 2.62102852130322
25.9 2.74986670537625
26 2.75023512416581
26.1 2.82214105174984
26.2 2.82214105174984
26.3 2.82214105174984
26.4 2.82214105174984
26.5 2.82214105174984
26.6 2.78538684349061
26.7 2.78538684349061
26.8 2.78538684349061
26.9 2.79102708661872
27 2.81144083599697
27.1 2.81144083599697
27.2 2.81144083599697
27.3 2.81144083599697
27.4 2.81144083599697
27.5 2.81144083599697
27.6 2.81144083599697
27.7 2.85829160211181
27.8 2.85829160211181
27.9 2.85829160211181
28 2.85829160211181
28.1 2.85829160211181
28.2 2.85829160211181
28.3 2.93446029617134
28.4 2.93446029617134
28.5 2.93446029617134
28.6 2.93446029617134
28.7 2.93446029617134
28.8 2.93446029617134
28.9 2.93446029617134
29 2.96424415265767
29.1 2.93287778220029
29.2 2.90829233585874
29.3 2.90829233585874
29.4 2.90829233585874
29.5 2.90829233585874
29.6 2.79594608228501
29.7 2.79594608228501
29.8 2.79594608228501
29.9 2.79594608228501
30 2.79594608228501
30.1 2.79594608228501
30.2 2.83055852394372
30.3 2.65358586528532
30.4 2.65358586528532
30.5 2.10364470978075
30.6 1.96451105681174
30.7 1.96451105681174
30.8 1.85482616589728
30.9 1.85482616589728
31 1.85482616589728
31.1 1.85482616589728
31.2 1.85482616589728
31.3 1.85482616589728
31.4 1.85482616589728
31.5 1.85482616589728
31.6 1.85482616589728
31.7 1.85482616589728
31.8 1.85482616589728
31.9 1.85482616589728
32 1.85482616589728
32.1 1.9465741650531
32.2 1.9465741650531
32.3 1.9465741650531
32.4 1.85482616589728
32.5 1.85482616589728
32.6 1.85482616589728
32.7 1.85482616589728
32.8 1.85482616589728
32.9 1.85482616589728
33 1.85482616589728
33.1 1.85482616589728
33.2 1.90072254736478
33.3 1.87186930926031
33.4 1.73613540085479
33.5 1.50864278248256
33.6 0.98126025770289
33.7 1.25368800583641
33.8 1.36789736268332
33.9 1.3382177187943
34 0
34.1 0
34.2 0
34.3 0
34.4 0
34.5 0
34.6 0
34.7 0
34.8 0
34.9 0
35 0
35.1 0
35.2 0
35.3 0
35.4 0
35.5 0
35.6 0
35.7 0
35.8 0
35.9 0
36 0
36.1 0
36.2 0
36.3 0
36.4 0
36.5 0
36.6 0
36.7 0
36.8 0
36.9 0
37 0
37.1 0
37.2 0
