time reach_mpd_carn
0 1.60029812772537
0.1 1.78739497254358
0.2 1.78739497254358
0.3 1.65482797113988
0.4 1.55654873500347
0.5 1.55675039460364
0.6 1.55675039460364
0.7 1.55675039460364
0.8 1.55675039460364
0.9 1.55675039460364
1 1.55264709866177
1.1 1.55264709866177
1.2 1.89928117609841
1.3 1.89928117609841
1.4 1.82621340744468
1.5 1.79974879139384
1.6 1.79974879139384
1.7 1.78773832810273
1.8 1.79463695885372
1.9 1.79492439809787
2 1.59394020463894
2.1 1.83164562742899
2.2 1.78575726944967
2.3 1.84994352048486
2.4 1.52666527636097
2.5 1.52666527636097
2.6 1.52909415690772
2.7 1.52909415690772
2.8 1.52909415690772
2.9 1.52909415690772
3 1.65048304054659
3.1 1.76538013280573
3.2 1.76700682877865
3.3 1.7629633464432
3.4 1.7629633464432
3.5 1.7629633464432
3.6 1.7629633464432
3.7 1.7629633464432
3.8 1.69163483772845
3.9 1.69163483772845
4 1.69163483772845
4.1 1.69163483772845
4.2 1.69163483772845
4.3 1.69163483772845
4.4 1.92638525699719
4.5 1.92638525699719
4.6 2.03920626786934
4.7 2.03920626786934
4.8 1.92160797918453
4.9 1.97401571222999
5 1.86760294081975
5.1 2.00168451946339
5.2 2.02080929007941
5.3 2.02080929007941
5.4 2.09255127206789
5.5 2.309849473384
5.6 2.309849473384
5.7 2.309849473384
5.8 2.309849473384
5.9 2.1882977144824
6 2.1465912524547
6.1 1.83916148985876
6.2 1.83916148985876
6.3 1.83916148985876
6.4 1.83916148985876
6.5 1.83916148985876
6.6 1.83484937934615
6.7 1.98998601277778
6.8 1.98998601277778
6.9 2.09682347593651
7 2.09682347593651
7.1 2.09682347593651
7.2 1.97904888763014
7.3 1.97904888763014
7.4 2.07313279019672
7.5 2.07093455208194
7.6 2.07093455208194
7.7 2.07093455208194
7.8 2.07093455208194
7.9 2.07093455208194
8 1.99553755572939
8.1 1.99553755572939
8.2 1.99553755572939
8.3 1.99553755572939
8.4 1.99553755572939
8.5 1.99553755572939
8.6 1.97680356014799
8.7 1.97680356014799
8.8 1.97680356014799
8.9 2.05107138416413
9 2.05107138416413
9.1 2.05107138416413
9.2 2.05107138416413
9.3 2.79119461004926
9.4 2.79119461004926
9.5 2.79119461004926
9.6 2.85196937307522
9.7 3.131177797
9.8 3.01479260375435
9.9 3.01479260375435
10 3.01479260375435
10.1 3.01479260375435
10.2 3.06046709174965
10.3 2.76534136907732
10.4 2.87308297471735
10.5 2.87308297471735
10.6 2.87308297471735
10.7 2.8193302640592
10.8 2.8193302640592
10.9 2.8193302640592
11 2.8193302640592
11.1 2.8193302640592
11.2 2.8334352447677
11.3 2.8334352447677
11.4 2.8334352447677
11.5 2.8193302640592
11.6 2.8193302640592
11.7 2.8193302640592
11.8 2.8193302640592
11.9 3.04112608947789
12 3.15674863833639
12.1 3.15674863833639
12.2 3.15674863833639
12.3 3.11227649562451
12.4 3.11227649562451
12.5 3.11227649562451
12.6 3.15674863833639
12.7 3.15674863833639
12.8 3.02283443671982
12.9 3.02283443671982
13 3.02283443671982
13.1 2.4119096356612
13.2 2.4119096356612
13.3 2.33618958401291
13.4 2.36518609537163
13.5 2.34034728470094
13.6 2.23733863635954
13.7 2.22923622817284
13.8 2.12509573356499
13.9 2.33418150405797
14 2.35924291219255
14.1 2.35545232042133
14.2 2.45908717778527
14.3 2.4050657441998
14.4 2.35394147212066
14.5 2.28559137943358
14.6 2.23895067210894
14.7 2.23895067210894
14.8 2.04478996247301
14.9 2.04614614826826
15 2.08165997490936
15.1 2.08165997490936
15.2 2.09057199769507
15.3 2.09057199769507
15.4 2.0514851182889
15.5 2.05727374492737
15.6 2.05727374492737
15.7 2.12757477547747
15.8 2.16909593478866
15.9 2.26765824407158
16 2.2722255342134
16.1 2.32336365234961
16.2 2.43206392505177
16.3 2.32275800436875
16.4 2.30375959765317
16.5 2.22173921125156
16.6 2.22173921125156
16.7 2.22173921125156
16.8 2.22173921125156
16.9 2.25249692945296
17 2.25249692945296
17.1 2.27896615995382
17.2 2.22009785864046
17.3 2.19327435228444
17.4 2.19327435228444
17.5 2.19327435228444
17.6 2.23435014858988
17.7 2.23435014858988
17.8 2.23435014858988
17.9 2.19499081239922
18 2.22434804116659
18.1 2.22434804116659
18.2 2.22434804116659
18.3 2.22434804116659
18.4 2.22434804116659
18.5 2.17572030503939
18.6 2.17572030503939
18.7 2.19714438781959
18.8 1.97275019353404
18.9 1.97275019353404
19 1.92044381782468
19.1 1.92044381782468
19.2 1.92044381782468
19.3 1.94833506912075
19.4 1.92410387026345
19.5 1.93937238105958
19.6 1.93937238105958
19.7 1.93937238105958
19.8 1.93937238105958
19.9 1.79185481526831
20 1.79185481526831
20.1 1.70395681326137
20.2 1.70245589221171
20.3 1.95069010420919
20.4 2.12821916337271
20.5 2.12821916337271
20.6 2.11636881828061
20.7 2.18103859114539
20.8 2.17220849724898
20.9 2.40091054873465
21 2.41159532499334
21.1 2.41159532499334
21.2 2.38623993738796
21.3 2.48854837590527
21.4 2.462099504948
21.5 2.55852010722439
21.6 2.47439646742825
21.7 2.46664921720368
21.8 2.44846308458932
21.9 2.31367934412969
22 2.31367934412969
22.1 2.31367934412969
22.2 2.31367934412969
22.3 2.27733133522532
22.4 2.26231945036845
22.5 2.29145197731682
22.6 2.29145197731682
22.7 2.29145197731682
22.8 2.26242984471709
22.9 2.2757317092326
23 2.22431326854795
23.1 2.23742632733267
23.2 2.23742632733267
23.3 2.25148703545632
23.4 2.25148703545632
23.5 2.41828853505654
23.6 2.41828853505654
23.7 2.41828853505654
23.8 2.41828853505654
23.9 2.41828853505654
24 2.45472928582222
24.1 2.45472928582222
24.2 2.45472928582222
24.3 2.46487908758242
24.4 2.46487908758242
24.5 2.46487908758242
24.6 2.46487908758242
24.7 2.50863485967593
24.8 2.55687397979847
24.9 2.57258731647649
25 2.57258731647649
25.1 2.57258731647649
25.2 2.59794010960237
25.3 2.64478946477258
25.4 2.64478946477258
25.5 2.64478946477258
25.6 2.64478946477258
25.7 2.64478946477258
25.8 2.63969509363658
25.9 2.63969509363658
26 2.69518287757653
26.1 2.69518287757653
26.2 2.69518287757653
26.3 2.68770308125833
26.4 2.68770308125833
26.5 2.66877549935991
26.6 2.69791850875071
26.7 2.69791850875071
26.8 2.75909795257045
26.9 2.80863121435388
27 2.80863121435388
27.1 2.80863121435388
27.2 2.80863121435388
27.3 2.84223847438747
27.4 2.84223847438747
27.5 2.84223847438747
27.6 2.84223847438747
27.7 2.80892917877158
27.8 2.60458303836566
27.9 2.60458303836566
28 2.60458303836566
28.1 2.60458303836566
28.2 2.67678830963993
28.3 2.6146574476808
28.4 2.6146574476808
28.5 2.64985772828413
28.6 2.64985772828413
28.7 2.64985772828413
28.8 2.69487040115937
28.9 2.19740361999348
29 2.33346629582487
29.1 2.33346629582487
29.2 2.33346629582487
29.3 2.33346629582487
29.4 2.33346629582487
29.5 2.33346629582487
29.6 2.26494322537145
29.7 2.11983520852148
29.8 2.123371450923
29.9 2.22212814892131
30 2.22212814892131
30.1 2.22212814892131
30.2 2.22212814892131
30.3 2.22212814892131
30.4 2.22212814892131
30.5 2.22212814892131
30.6 2.09937373063257
30.7 2.13669018815145
30.8 2.11572718411462
30.9 2.27241960016608
31 2.27241960016608
31.1 2.09720783957499
31.2 2.09720783957499
31.3 2.09720783957499
31.4 2.09720783957499
31.5 2.09720783957499
31.6 2.09720783957499
31.7 2.09720783957499
31.8 2.13692401762443
31.9 2.13692401762443
32 2.32352276869911
32.1 2.32352276869911
32.2 2.32527692142112
32.3 2.32527692142112
32.4 2.32527692142112
32.5 2.32527692142112
32.6 2.32527692142112
32.7 2.32527692142112
32.8 2.38940847124217
32.9 2.25506014041936
33 2.03569594864014
33.1 2.03569594864014
33.2 2.03569594864014
33.3 1.91811100720916
33.4 1.91811100720916
33.5 1.91811100720916
33.6 1.63680410163768
33.7 1.86318414268748
33.8 1.86318414268748
33.9 0.662515986
34 0.672009418
34.1 0.672009418
34.2 0.672009418
34.3 0
34.4 0
34.5 0
34.6 0
34.7 0
34.8 0
34.9 0
35 0
35.1 0
35.2 0
35.3 0
35.4 0
35.5 0
35.6 0
35.7 0
35.8 0
35.9 0
36 0
36.1 0
36.2 0
36.3 0
36.4 0
36.5 0
36.6 0
36.7 0
36.8 0
36.9 0
37 0
37.1 0
37.2 0
