time reach_mpd_mass
0 1.15508589078122
0.1 1.23071480138389
0.2 1.23071480138389
0.3 1.08736525212047
0.4 1.07636027645798
0.5 1.01889954954175
0.6 1.01889954954175
0.7 0.983440578532629
0.8 0.999476092786558
0.9 1.03344442181879
1 1.03344442181879
1.1 1.02087032085205
1.2 1.02087032085205
1.3 1.02087032085205
1.4 1.02087032085205
1.5 1.02012224744465
1.6 1.02864559290384
1.7 1.00573926951927
1.8 0.998812757279339
1.9 0.94650435371851
2 0.917575289147001
2.1 0.92580823597466
2.2 0.954582371332923
2.3 0.928899765913897
2.4 0.969306284512355
2.5 0.969306284512355
2.6 0.91000829689271
2.7 0.884450922524556
2.8 0.884450922524556
2.9 0.884450922524556
3 0.884450922524556
3.1 0.898385431798912
3.2 0.881722715186421
3.3 0.706817682580745
3.4 0.737004057202701
3.5 0.737004057202701
3.6 0.737004057202701
3.7 0.737004057202701
3.8 0.69523377497313
3.9 0.69523377497313
4 0.649884661169918
4.1 0.6251444717821
4.2 0.539943423847227
4.3 0.539943423847227
4.4 0.539943423847227
4.5 0.593559014491957
4.6 0.593559014491957
4.7 0.600043095929257
4.8 0.597741017133223
4.9 0.597741017133223
5 0.597741017133223
5.1 0.625589330071352
5.2 0.603307594103941
5.3 0.603307594103941
5.4 0.603307594103941
5.5 0.627681668169375
5.6 0.627681668169375
5.7 0.627681668169375
5.8 0.627681668169375
5.9 0.627681668169375
6 0.657450841866361
6.1 0.672200860508718
6.2 0.69947929844398
6.3 0.69947929844398
6.4 0.69947929844398
6.5 0.69947929844398
6.6 0.698185238108401
6.7 0.698185238108401
6.8 0.661821182066316
6.9 0.661821182066316
7 0.661821182066316
7.1 0.627212060532869
7.2 0.627212060532869
7.3 0.627212060532869
7.4 0.627212060532869
7.5 0.627212060532869
7.6 0.610979044562203
7.7 0.610979044562203
7.8 0.67815830146899
7.9 0.67815830146899
8 0.67815830146899
8.1 0.648910344436665
8.2 0.648910344436665
8.3 0.648910344436665
8.4 0.641560778580964
8.5 0.641560778580964
8.6 0.641560778580964
8.7 0.641560778580964
8.8 0.641560778580964
8.9 0.641560778580964
9 0.707749850759901
9.1 0.707749850759901
9.2 0.764100200447297
9.3 0.764100200447297
9.4 0.764100200447297
9.5 0.764100200447297
9.6 0.762097281318961
9.7 0.741187967003793
9.8 0.741187967003793
9.9 0.732568074721765
10 0.732568074721765
10.1 0.757477647994538
10.2 0.74128367389742
10.3 0.753763121434054
10.4 0.781173213032786
10.5 0.801419747245689
10.6 0.801419747245689
10.7 0.789839823488329
10.8 0.798143621617424
10.9 0.798143621617424
11 0.799173021042587
11.1 0.817450602095007
11.2 0.809367725493526
11.3 0.817450602095007
11.4 0.792954574677346
11.5 0.804463596192199
11.6 0.804463596192199
11.7 0.800519996935369
11.8 0.800519996935369
11.9 0.800519996935369
12 0.800519996935369
12.1 0.804500368941661
12.2 0.804500368941661
12.3 0.811509524556786
12.4 0.811509524556786
12.5 0.811509524556786
12.6 0.811509524556786
12.7 0.811509524556786
12.8 0.811509524556786
12.9 0.797829744548953
13 0.787259824037003
13.1 0.796825965863675
13.2 0.795820295808854
13.3 0.775566518878124
13.4 0.730531803594515
13.5 0.749732805596276
13.6 0.698753297626588
13.7 0.669138377050064
13.8 0.653301382200056
13.9 0.715597854492586
14 0.71302433521938
14.1 0.711716932554953
14.2 0.711716932554953
14.3 0.711716932554953
14.4 0.711716932554953
14.5 0.71302433521938
14.6 0.71302433521938
14.7 0.71302433521938
14.8 0.71302433521938
14.9 0.71302433521938
15 0.717921039829112
15.1 0.723978525434186
15.2 0.723978525434186
15.3 0.720855940973147
15.4 0.720855940973147
15.5 0.767054973263313
15.6 0.772881765971006
15.7 0.772881765971006
15.8 0.76302144009167
15.9 0.773500183253378
16 0.760944341877327
16.1 0.733525356534386
16.2 0.711946623791532
16.3 0.711946623791532
16.4 0.776625579876959
16.5 0.753932584325924
16.6 0.753932584325924
16.7 0.772745295017932
16.8 0.759531280773918
16.9 0.768597064965797
17 0.768597064965797
17.1 0.786247957123898
17.2 0.786247957123898
17.3 0.786247957123898
17.4 0.786247957123898
17.5 0.786247957123898
17.6 0.786247957123898
17.7 0.786247957123898
17.8 0.786247957123898
17.9 0.830942035108375
18 0.830942035108375
18.1 0.830942035108375
18.2 0.848195083378843
18.3 0.848195083378843
18.4 0.869522178300102
18.5 0.869522178300102
18.6 0.869522178300102
18.7 0.869522178300102
18.8 0.869522178300102
18.9 0.902865809167748
19 0.902865809167748
19.1 0.902865809167748
19.2 0.902865809167748
19.3 0.902865809167748
19.4 0.902865809167748
19.5 0.902865809167748
19.6 0.902865809167748
19.7 0.902806868481387
19.8 0.902806868481387
19.9 0.938160988542901
20 0.938160988542901
20.1 0.93321348132508
20.2 0.87757609597355
20.3 0.856407727041866
20.4 0.840627672361525
20.5 0.879246365291886
20.6 0.846508758618369
20.7 0.854268492714655
20.8 0.910844381824162
20.9 0.926245513548889
21 0.943315362529683
21.1 0.93383412551068
21.2 0.870750888791116
21.3 0.912767445742659
21.4 0.87997187737841
21.5 0.901272489721018
21.6 0.913241836644883
21.7 0.896517097151652
21.8 0.79512919336133
21.9 0.809132491202181
22 0.809132491202181
22.1 0.796933540575039
22.2 0.812784825812102
22.3 0.812784825812102
22.4 0.812784825812102
22.5 0.812974122698728
22.6 0.83292045953225
22.7 0.83292045953225
22.8 0.83292045953225
22.9 0.826679463812033
23 0.826679463812033
23.1 0.813070693980285
23.2 0.813070693980285
23.3 0.813070693980285
23.4 0.813070693980285
23.5 0.809179817105114
23.6 0.809179817105114
23.7 0.809179817105114
23.8 0.781434527800213
23.9 0.781434527800213
24 0.794223732174602
24.1 0.792031431454071
24.2 0.780411054993273
24.3 0.779983264267776
24.4 0.789239662600627
24.5 0.789239662600627
24.6 0.789239662600627
24.7 0.789239662600627
24.8 0.78799830542634
24.9 0.794453778525183
25 0.797906010997774
25.1 0.797906010997774
25.2 0.797974418360214
25.3 0.786534102236894
25.4 0.786534102236894
25.5 0.801687540498719
25.6 0.801687540498719
25.7 0.801687540498719
25.8 0.818682655367271
25.9 0.818682655367271
26 0.829512262049444
26.1 0.818647131410569
26.2 0.835758468440294
26.3 0.830688713656677
26.4 0.838512464788748
26.5 0.838512464788748
26.6 0.853298798539617
26.7 0.853298798539617
26.8 0.853298798539617
26.9 0.853298798539617
27 0.859132919622407
27.1 0.859132919622407
27.2 0.859132919622407
27.3 0.859132919622407
27.4 0.859132919622407
27.5 0.859132919622407
27.6 0.877684803445381
27.7 0.895320849199355
27.8 0.895320849199355
27.9 0.911406064036477
28 0.911406064036477
28.1 0.936298658235671
28.2 0.954334301853622
28.3 0.935245894316733
28.4 0.935245894316733
28.5 0.883403827058821
28.6 0.883403827058821
28.7 0.883403827058821
28.8 0.883403827058821
28.9 0.872754027128846
29 0.8825479720025
29.1 0.8825479720025
29.2 0.8825479720025
29.3 0.90793389280513
29.4 0.90793389280513
29.5 0.90793389280513
29.6 0.90793389280513
29.7 0.90793389280513
29.8 0.878587698787702
29.9 0.876602672979402
30 0.876602672979402
30.1 0.876602672979402
30.2 0.885799130369915
30.3 0.885799130369915
30.4 0.885799130369915
30.5 0.807746850590005
30.6 0.775489239892118
30.7 0.734261492098243
30.8 0.726870105036704
30.9 0.664256099569009
31 0.664256099569009
31.1 0.664256099569009
31.2 0.664256099569009
31.3 0.664256099569009
31.4 0.692039500180039
31.5 0.672044746309643
31.6 0.647881657010767
31.7 0.647881657010767
31.8 0.647881657010767
31.9 0.647881657010767
32 0.647881657010767
32.1 0.647881657010767
32.2 0.647881657010767
32.3 0.647881657010767
32.4 0.663009060593924
32.5 0.663009060593924
32.6 0.663009060593924
32.7 0.663009060593924
32.8 0.663009060593924
32.9 0.663009060593924
33 0.663009060593924
33.1 0.638737104789733
33.2 0.638737104789733
33.3 0.645087392095858
33.4 0.666638084173356
33.5 0.776194007097807
33.6 0.794391856997006
33.7 0.88221903121758
33.8 0.764458250739956
33.9 0.36841361496607
34 0.469727359085991
34.1 0.469727359085991
34.2 0.469727359085991
34.3 0
34.4 0
34.5 0
34.6 0
34.7 0
34.8 0
34.9 0
35 0
35.1 0
35.2 0
35.3 0
35.4 0
35.5 0
35.6 0
35.7 0
35.8 0
35.9 0
36 0
36.1 0
36.2 0
36.3 0
36.4 0
36.5 0
36.6 0
36.7 0
36.8 0
36.9 0
37 0
37.1 0
37.2 0
