time reach_mpd_mass
0 1.28085473959117
0.1 1.33064664665904
0.2 1.33064664665904
0.3 1.11914549795652
0.4 1.11914549795652
0.5 1.11914549795652
0.6 1.11914549795652
0.7 1.10422543776451
0.8 1.10422543776451
0.9 1.10422543776451
1 1.09478014886148
1.1 1.09478014886148
1.2 1.09478014886148
1.3 1.05754584840162
1.4 1.05754584840162
1.5 1.0422257805423
1.6 1.0422257805423
1.7 1.0815233868499
1.8 1.1199135387905
1.9 1.05866056270646
2 0.960550837541925
2.1 0.968499264716923
2.2 0.968499264716923
2.3 0.926325352215651
2.4 0.926325352215651
2.5 0.895528619715691
2.6 0.895528619715691
2.7 0.895528619715691
2.8 0.893413955328708
2.9 0.893413955328708
3 0.893413955328708
3.1 0.893413955328708
3.2 0.893413955328708
3.3 0.911015281310503
3.4 0.911015281310503
3.5 0.911015281310503
3.6 0.911015281310503
3.7 0.938963762506577
3.8 0.920017179880437
3.9 0.920017179880437
4 0.878095863518508
4.1 0.878095863518508
4.2 0.852434985383884
4.3 0.852434985383884
4.4 0.822186363258146
4.5 0.822186363258146
4.6 0.83911947391152
4.7 0.848952257285354
4.8 0.717849239000459
4.9 0.726859866139266
5 0.74988652386524
5.1 0.684043943971347
5.2 0.684043943971347
5.3 0.754476366599131
5.4 0.754476366599131
5.5 0.754476366599131
5.6 0.697354069195489
5.7 0.697354069195489
5.8 0.724895876135322
5.9 0.724895876135322
6 0.70836476515749
6.1 0.70836476515749
6.2 0.70836476515749
6.3 0.70836476515749
6.4 0.70836476515749
6.5 0.70836476515749
6.6 0.70836476515749
6.7 0.70836476515749
6.8 0.70836476515749
6.9 0.70836476515749
7 0.758490680554055
7.1 0.758490680554055
7.2 0.758490680554055
7.3 0.758490680554055
7.4 0.758490680554055
7.5 0.782308732451885
7.6 0.782308732451885
7.7 0.782308732451885
7.8 0.771572767427818
7.9 0.749705794796677
8 0.749705794796677
8.1 0.734194984025805
8.2 0.734194984025805
8.3 0.734194984025805
8.4 0.734194984025805
8.5 0.734194984025805
8.6 0.734194984025805
8.7 0.734194984025805
8.8 0.723743983912264
8.9 0.709466515591503
9 0.709466515591503
9.1 0.709466515591503
9.2 0.709466515591503
9.3 0.725005605535757
9.4 0.725005605535757
9.5 0.725005605535757
9.6 0.725005605535757
9.7 0.751467283674004
9.8 0.746027336753572
9.9 0.746027336753572
10 0.763629375464258
10.1 0.769076638404299
10.2 0.780091591771077
10.3 0.794864182239608
10.4 0.774353143572274
10.5 0.790903091802043
10.6 0.790903091802043
10.7 0.790903091802043
10.8 0.790903091802043
10.9 0.791263816964408
11 0.791263816964408
11.1 0.791263816964408
11.2 0.791263816964408
11.3 0.791263816964408
11.4 0.791263816964408
11.5 0.799211221238163
11.6 0.799211221238163
11.7 0.799211221238163
11.8 0.799211221238163
11.9 0.786251104632235
12 0.771333802173568
12.1 0.763792094189559
12.2 0.756713191936899
12.3 0.756713191936899
12.4 0.756713191936899
12.5 0.750398090663858
12.6 0.758174112403712
12.7 0.758174112403712
12.8 0.739428298107259
12.9 0.739428298107259
13 0.739428298107259
13.1 0.755103176586392
13.2 0.75061824473343
13.3 0.746346050433312
13.4 0.756904446539933
13.5 0.727964296958235
13.6 0.72465056979731
13.7 0.737185608760356
13.8 0.720855329983804
13.9 0.713027147149817
14 0.643922116258204
14.1 0.643922116258204
14.2 0.644221235290362
14.3 0.640190430477857
14.4 0.63518662038692
14.5 0.63518662038692
14.6 0.704708699985844
14.7 0.707444014325491
14.8 0.707444014325491
14.9 0.707444014325491
15 0.705477005187378
15.1 0.705477005187378
15.2 0.740161310247104
15.3 0.740161310247104
15.4 0.731268392904073
15.5 0.731541389432012
15.6 0.714877671981001
15.7 0.714877671981001
15.8 0.720191730156637
15.9 0.692933349354543
16 0.718727750791617
16.1 0.679831126684181
16.2 0.715574414015504
16.3 0.722650447672333
16.4 0.733795004161919
16.5 0.733795004161919
16.6 0.777344081589353
16.7 0.674706288928724
16.8 0.673748721744857
16.9 0.673748721744857
17 0.687570177395049
17.1 0.676282551994161
17.2 0.723543761316109
17.3 0.704979642182991
17.4 0.704979642182991
17.5 0.704979642182991
17.6 0.704979642182991
17.7 0.642432255400927
17.8 0.751384980147332
17.9 0.751384980147332
18 0.751384980147332
18.1 0.751384980147332
18.2 0.751384980147332
18.3 0.767885320781717
18.4 0.774511789032254
18.5 0.774511789032254
18.6 0.814054184003239
18.7 0.731009363050674
18.8 0.731009363050674
18.9 0.730075288517373
19 0.730075288517373
19.1 0.74763895648268
19.2 0.74763895648268
19.3 0.74763895648268
19.4 0.74763895648268
19.5 0.74763895648268
19.6 0.74763895648268
19.7 0.781634291033737
19.8 0.781634291033737
19.9 0.781634291033737
20 0.783784550869361
20.1 0.783784550869361
20.2 0.873107266044834
20.3 0.876777099529976
20.4 0.88039136657186
20.5 0.883031134246757
20.6 0.864606311243983
20.7 0.852807238730181
20.8 0.823039792737532
20.9 0.870574304279301
21 0.775841713736524
21.1 0.775841713736524
21.2 0.731029154035246
21.3 0.757373373660766
21.4 0.74185470812251
21.5 0.747454545534073
21.6 0.760315608673606
21.7 0.799731039076742
21.8 0.809437262465909
21.9 0.809437262465909
22 0.809437262465909
22.1 0.809437262465909
22.2 0.793007233198272
22.3 0.846563256707842
22.4 0.836178002644892
22.5 0.836178002644892
22.6 0.827703372895957
22.7 0.818079321140479
22.8 0.806379612125521
22.9 0.806379612125521
23 0.822840630623844
23.1 0.822840630623844
23.2 0.840022206487491
23.3 0.768710308965305
23.4 0.768710308965305
23.5 0.757174702769613
23.6 0.751977988885428
23.7 0.794472331742733
23.8 0.791196561268813
23.9 0.778655835746866
24 0.753613129437576
24.1 0.750951746589682
24.2 0.750951746589682
24.3 0.750951746589682
24.4 0.753408059746826
24.5 0.753408059746826
24.6 0.753408059746826
24.7 0.762139919844334
24.8 0.732222308916626
24.9 0.732222308916626
25 0.744877474721345
25.1 0.755967752403805
25.2 0.755967752403805
25.3 0.758473270337903
25.4 0.775115823738728
25.5 0.775115823738728
25.6 0.775115823738728
25.7 0.775115823738728
25.8 0.775115823738728
25.9 0.790891616981384
26 0.790891616981384
26.1 0.790891616981384
26.2 0.790891616981384
26.3 0.790891616981384
26.4 0.790891616981384
26.5 0.790891616981384
26.6 0.790891616981384
26.7 0.790891616981384
26.8 0.790891616981384
26.9 0.790891616981384
27 0.809836373783281
27.1 0.809836373783281
27.2 0.809836373783281
27.3 0.809836373783281
27.4 0.809836373783281
27.5 0.809836373783281
27.6 0.809836373783281
27.7 0.820724803857624
27.8 0.820724803857624
27.9 0.820724803857624
28 0.820724803857624
28.1 0.808094609035277
28.2 0.808094609035277
28.3 0.860705707708714
28.4 0.860705707708714
28.5 0.860705707708714
28.6 0.877459195325674
28.7 0.88171557852586
28.8 0.88171557852586
28.9 0.88171557852586
29 0.88171557852586
29.1 0.88171557852586
29.2 0.88171557852586
29.3 0.88171557852586
29.4 0.88171557852586
29.5 0.88171557852586
29.6 0.891947555898716
29.7 0.856877893678676
29.8 0.807856046744096
29.9 0.818352697086627
30 0.842013503295231
30.1 0.799122167754922
30.2 0.735733501862654
30.3 0.735733501862654
30.4 0.751354448439697
30.5 0.72623533833671
30.6 0.72623533833671
30.7 0.608468577132732
30.8 0.619651232806401
30.9 0.647881657010767
31 0.677119339620381
31.1 0.677119339620381
31.2 0.677119339620381
31.3 0.677119339620381
31.4 0.647881657010767
31.5 0.647881657010767
31.6 0.647881657010767
31.7 0.663009060593924
31.8 0.663009060593924
31.9 0.663009060593924
32 0.663009060593924
32.1 0.663009060593924
32.2 0.663009060593924
32.3 0.663009060593924
32.4 0.663009060593924
32.5 0.663009060593924
32.6 0.663009060593924
32.7 0.663009060593924
32.8 0.663009060593924
32.9 0.628951118164694
33 0.644065944629177
33.1 0.611720106419829
33.2 0.737594758070298
33.3 0.794391856997006
33.4 0.794391856997006
33.5 0.778849407623879
33.6 0.778849407623879
33.7 0.432885997581314
33.8 0.432885997581314
33.9 0.432885997581314
34 0.36841361496607
34.1 0.469727359085991
34.2 0.469727359085991
34.3 0.469727359085991
34.4 0
34.5 0
34.6 0
34.7 0
34.8 0
34.9 0
35 0
35.1 0
35.2 0
35.3 0
35.4 0
35.5 0
35.6 0
35.7 0
35.8 0
35.9 0
36 0
36.1 0
36.2 0
36.3 0
36.4 0
36.5 0
36.6 0
36.7 0
36.8 0
36.9 0
37 0
37.1 0
37.2 0
